9.091 0.000
18.182 0.000
27.273 0.000
36.364 0.000
45.455 0.000
54.545 0.000
63.636 0.000
72.727 0.000
81.818 0.000
90.909 0.000
100.000 0.000
109.091 0.000
118.182 0.000
127.273 0.000
136.364 0.000
145.455 0.000
154.545 0.000
163.636 0.000
172.727 0.000
181.818 0.000
190.909 0.000
200.000 0.000
209.091 0.000
218.182 0.000
227.273 0.000
236.364 0.000
245.455 0.000
254.545 0.000
263.636 0.000
272.727 0.000
281.818 0.000
290.909 0.000
300.000 0.000
309.091 0.000
318.182 0.000
327.273 0.000
336.364 0.000
345.455 0.000
354.545 0.000
363.636 0.000
372.727 0.000
381.818 0.000
390.909 0.000
400.000 0.000
409.091 0.002
418.182 0.009
427.273 0.017
436.364 0.028
445.455 0.040
454.545 0.054
463.636 0.072
472.727 0.088
481.818 0.103
490.909 0.119
500.000 0.134
509.091 0.149
518.182 0.165
527.273 0.181
536.364 0.198
545.455 0.215
554.545 0.232
563.636 0.251
572.727 0.271
581.818 0.293
590.909 0.313
600.000 0.331
609.091 0.349
618.182 0.367
627.273 0.385
636.364 0.403
645.455 0.420
